1 10
100 200
201 210
900 1000
7466 19943
1408 18477
1673 19993
7980 14300
8099 18538
5719 19688
9829 16852
3171 12769
491 10167
7078 19808
7166 11681
9367 15921
800 17592
2835 10066
5311 18042
3268 10529
8144 19863
153 10318
3 16868
7111 11816
3846 14675
8644 17189
9598 18269
3257 15245
2650 17111
9569 15199
5863 16463
418 14709
2859 10192
4365 18267
6586 13688
7580 19115
8414 14834
9041 19331
1189 15000
8222 17834
8160 16911
4661 17572
9431 17234
2788 14265
4683 19350
326 15111
1343 18973
4984 15478
716 13380
869 14306
812 14993
2214 18349
6056 10107
7344 16542
1199 16614
350 13479
9654 18291
4221 19638
5678 11311
5502 13181
6576 15127
9635 18914
1985 11072
321 18121
348 15531
8992 19063
5997 16417
2701 19881
6155 13624
5451 17149
364 19763
621 19574
1012 15721
8173 15589
3321 10158
5449 11342
6966 14749
8177 18806
6261 18418
5642 17612
7821 19739
8458 18650
8055 13769
3996 16287
7036 15114
5822 10270
3171 14938
4968 12465
9151 12176
5297 15087
511 16005
8698 19931
2018 10088
9486 14855
4239 16982
7014 13910
807 17207
6220 16760
6939 11583
4050 12138
7493 13345
9997 19382
1028 10835
922 11003
6259 16131
2940 13504
6861 14557
4711 10951
7187 14703
6834 16708
7132 10575
8118 12606
7990 18818
1186 15237
1388 10873
8823 14999
9055 19912
7033 17068
9230 15224
6233 12558
3620 17705
2858 11212
6630 13390
1439 14783
499 13079
1392 15763
2292 12686
4899 15881
1081 17005
142 12434
1258 18701
872 17693
5821 14756
7629 16101
5624 17750
9879 15449
1880 16280
5848 19057
3902 13720
3637 15900
6705 13658
1834 14209
9734 17939
72 13575
134 16245
5861 19082
8099 10926
8696 15257
2878 10691
1652 13351
9498 10404
5845 18090
7489 17796
5032 13686
6073 11933
5188 19510
7358 16348
7160 15321
8585 19963
6569 11261
696 18628
2949 16537
154 10420
8284 17968
7128 15146
8266 17024
272 11111
7129 12385
8275 15219
4231 15010
3050 15374
1244 17813
6042 10924
653 11516
6223 12106
5208 18636
9087 11010
2037 19311
7881 10696
9835 17711
3884 17192
2661 17347
5714 12487
8358 18856
5507 16452
8141 13309
7857 15907
8636 10091
1933 17619
5264 14029
2572 19171
521 13194
7482 11589
4317 19706
3986 19960
1798 15206
4294 11394
3277 10464
391 15643
8871 11330
9193 18679
2384 11325
5812 14045
8560 10110
4557 10306
9358 17297
7172 16256
6214 18518
8339 11644
1025 10511
5703 13269
6246 17779
7117 17570
9819 12814
9919 11480
2523 19100
5846 10671
9565 16201
7743 11247
3267 16527
7638 17476
7476 10079
3744 10973
3745 16798
8112 16124
3132 12262
7081 11854
8505 15292
132 14420
4974 10280
4764 19129
5772 16389
5487 13471
8540 12892
9424 13366
323 13671
4757 16089
2678 11822
67 18577
3107 18346
2903 10430
8160 19523
9236 19489
3752 12054
2919 15913
1310 19184
3210 18355
211 18080
9020 17341
9909 10934
6816 16211
5631 10011
2154 15720
932 16267
899 11747
5784 13763
1008 11929
7305 19509
5628 11284
1197 18387
639 17492
469 14380
8606 16403
6527 16780
537 11749
2692 17698
8032 13545
8001 14134
4178 12165
8997 16264
5310 12080
3173 11345
4336 11965
949 19225
1502 17052
6753 14817
1767 13722
8355 16248
6659 17755
3604 15905
8556 19134
3147 17292
5014 14767
9239 16606
265 12252
5830 13505
9335 14118
6834 14740
8093 11310
5568 11684
7345 10943
9676 12064
9971 11719
2646 19934
8903 14359
3542 10973
8641 10670
801 17165
1590 10809
1431 17162
8006 13075
2466 14197
9544 19996
5209 14283
5002 18510
3034 19589
2362 19675
6091 15501
9820 18242
9661 17107
595 12627
9704 19905
6941 12084
2187 15063
715 14658
6880 17792
5897 13555
3826 19798
7106 19111
4033 11523
284 14322
3622 18414
7879 11811
6739 16197
1672 12696
4694 11536
8151 13973
4644 13073
8520 14867
2181 11271
66 12223
9308 16272
8292 13020
7784 18014
1642 14510
2714 10070
9591 19814
5146 19839
8301 11534
2036 10405
922 14999
5632 17946
7543 10078
6685 18967
756 16003
6760 13922
2467 13617
9642 11240
3880 19472
2765 13610
5930 15352
9811 13013
1808 17311
5582 18505
8044 19054
1730 15726
1967 18543
7507 16032
7638 13943
8215 17420
1579 11605
1540 10604
8742 14449
2017 16808
2269 13058
9569 19259
7336 18049
662 15463
9474 14664
8509 17608
2667 15854
2380 19956
2937 10959
6014 15692
9720 18392
2329 14655
403 10835
3209 11894
8079 14869
442 12401
400 19749
7142 18532
4078 12088
2842 19336
5109 12974
8988 19706
8532 11990
1265 12810
5361 14948
5156 12191
6859 13461
417 19678
9664 12724
2442 13488
5816 15889
7829 19853
3005 15521
9230 13117
3804 17018
669 16830
6156 16882
8407 14586
5388 17879
8545 14378
1998 15323
8962 15435
9250 19299
3328 11770
1030 11511
7623 10211
5952 17539
9405 19920
1079 11670
9513 12228
3445 15596
7330 15434
9836 17576
9655 15164
6522 10773
4802 10455
1937 18885
8860 14035
9355 19974
3169 17451
3328 13575
6019 19978
4472 12719
4555 11377
1650 16019
7248 19976
983 12278
4132 15472
5549 16208
7655 18162
2275 17291
965 11018
9518 13315
3224 19984
5255 15453
9958 11703
189 15785
7625 13418
580 16638
5283 14512
3749 11872
1840 12371
9382 11407
3837 13494
4524 11388
1792 14978
1258 13035
8262 10804
1369 19005
5584 12621
8183 16127
9350 17450
9900 18419
5237 11635
6569 18748
3613 12327
3937 18877
8717 14315
2027 17389
3541 19822
8821 15038
9679 19257
5550 13461
3936 11020
2826 10426
3179 13711
3505 12211
441 17712
7788 14903
9629 13862
1087 18620
2465 17520
5966 14548
4385 15133
6376 18170
3815 10845
8408 12886
2545 11279
6520 19992
5694 16191
5303 13479
2604 10720
2157 17944
9225 16959
3421 18824
3320 11557
9966 11749
904 17143
1479 12453
3905 11784
2416 14209
9756 10783
7473 17328
1607 11577
5777 16328
3432 18247
3191 16820
5695 15852
1159 10088
22 11425
5695 18560
1941 16289
2747 12873
5747 18122
2855 15456
5287 17078
8905 10944
2812 13079
3757 15804
4227 16603
7641 13521
4237 14108
3900 18791
9501 13818
2118 18869
3836 15966
1757 12353
7278 10988
4427 14679
980 18528
9296 12910
3496 14948
1411 14863
5990 13768
8775 18549
4954 12836
1198 17546
3751 14011
9589 18049
2934 16385
6110 13149
156 14262
5496 17943
9776 14862
7547 10358
6008 13363
8224 19919
5332 19467
918 16107
6796 10968
1995 12594
3532 11112
4997 19284
7121 19258
5614 16124
3324 12105
9 18598
7521 13631
8787 19916
3831 19114
661 12365
9109 11973
7405 16263
3121 11364
1423 16520
6183 18864
6031 11386
324 18129
5676 11895
5584 15251
744 19690
4259 18757
4436 17591
1043 19463
5351 13527
5795 10931
2308 17729
5545 18625
6407 13828
8047 11175
5767 13711
3497 19397
9574 11839
7471 17245
9732 12397
5466 11635
899 13507
3372 14569
9140 10242
8927 12396
417 17695
1644 15013
3191 18819
4245 19073
1079 13832
666 14807
2127 18054
4196 19799
486 15354
7600 14492
2339 18338
3374 19706
7596 13520
184 16781
5840 14983
3208 14097
1478 16893
7266 13849
1366 13006
5210 19711
2429 19594
21 10581
1554 10846
4690 11662
315 18698
2912 18502
1314 13518
7306 12059
7356 14981
2160 15062
9173 13949
4440 16044
8557 12501
4002 12990
4901 18702
9991 18419
6115 18176
8710 19485
9462 16865
8638 16257
99 12991
6417 10218
9157 13702
7478 15847
5704 17239
1677 15462
5556 16422
1722 11121
7175 10256
7282 17243
1396 10962
5374 17562
8250 17087
8731 10260
4082 12127
9287 18419
5522 16000
4530 17329
7811 12994
9461 12805
5039 14218
7991 13717
3908 13246
6188 19957
8696 18963
8253 16601
9923 10304
2003 19775
4251 14732
5255 14339
9484 12915
7044 17834
1142 12148
4109 16055
86 16195
1237 13581
7640 19709
5560 14391
8039 10611
5648 19386
3987 13940
145 11987
6180 18559
5682 17224
4077 12351
7887 14757
5724 15099
6943 14538
8198 10924
5526 14374
7899 18623
3014 12363
6238 16376
7426 18737
6923 11128
3335 18033
6381 19587
9031 18004
4453 12171
7243 16372
6726 10320
5160 10084
5356 15545
9936 19327
2504 17446
3377 19477
9211 12620
3115 18046
8708 10321
3739 11279
8362 16151
1770 11004
6499 11930
3747 19824
3835 12703
1114 15490
5915 19315
9229 14260
3017 19045
8640 14007
2109 15064
5775 14769
6268 17633
3263 10109
8246 17369
2232 17787
6260 16245
2409 12501
1880 18459
1223 16450
3979 13235
311 17767
6284 13969
5865 14567
2475 10038
3798 16165
1071 15375
4337 12939
51 10921
2502 12920
4541 17497
2252 13253
8927 19016
3210 17613
7298 10734
8952 14588
7799 19306
2987 18092
7805 19985
1199 17334
3643 16420
8106 11743
8249 15956
4252 16264
146 15603
8781 11113
4975 13049
8308 17297
6667 12776
7907 14894
5180 18899
2932 11273
8567 15286
3144 18877
9928 14775
3752 19643
2407 19689
9114 14850
6703 10065
2601 18370
1259 11530
8479 10033
4578 14830
9961 11115
9598 10958
4891 11696
158 15337
9181 12354
8002 11325
555 13645
1216 18199
7539 11884
1278 11771
7718 16525
1121 15080
5209 10083
7218 10132
4749 17245
8643 15193
9479 10022
9833 15230
8931 18449
5998 14325
5653 12670
7439 16232
6414 10264
9905 19854
4940 11415
5330 16873
7632 10495
4470 11890
2556 19127
6608 19318
8814 12645
595 18093
2265 11307
6112 15078
162 15948
5457 18925
1722 14718
284 15899
7548 11610
5850 18136
7779 15046
7525 17902
6948 16811
7158 13434
7591 17965
7346 17139
8798 19373
3859 14811
4992 17469
5958 16308
4906 19970
9611 19612
2378 16557
1763 13284
582 12838
8029 18045
9487 15396
2331 16517
5426 18549
8416 18730
6341 16181
8170 17981
2849 16968
7908 18476
1791 19176
6466 16271
662 10209
7366 17501
7739 17180
9530 19608
4176 18206
609 19396
5603 12455
4287 11699
5369 12307
4853 13891
6074 15048
7749 13736
6615 11324
1812 13150
3588 19539
2029 17007
4937 13330
8503 13845
8627 17437
5707 11688
3541 17961
2219 13811
3530 14025
4824 12979
552 13399
5524 10618
6229 10645
7641 11758
735 13258
2639 10478
8340 18062
6180 15613
1455 12414
470 16175
1666 19563
9731 17059
6790 14812
5137 19141
7265 13120
8741 18166
7463 10218
8607 18080
289 12325
7809 13463
7431 16722
2329 17587
3623 10680
3829 14359
168 14704
9181 10935
8797 19547
2361 16724
104 16600
5054 16358
1260 17726
1210 17120
2427 11993
8867 10209
7853 10958
7313 12209
7925 14971
6632 17509
8351 12971
133 16779
5348 11140
7711 16212
3941 11616
2211 13112
8602 13733
4727 13496
9128 19611
5789 16683
7951 10881
4723 12882
6015 14134
9502 19197
5914 15549
1205 11068
6493 19911
4463 19983
8950 16395
9729 14771
1202 13535
9543 12516
5248 11811
7170 17758
8291 11762
3457 11993
8164 19077
4672 12425
3674 19068
2800 18652
8068 16864
8732 14849
4033 14038
7376 11007
5011 19704
3252 14359
4746 18588
545 17596
4509 13045
3495 12492
1529 17281
8651 12852
7917 15652
2864 12533
4804 16062
7535 13977
2841 19791
9109 16741
5257 15479
3071 15014
8444 12370
621 11073
2576 14495
3785 10167
9055 18950
2180 12201
9031 10574
4339 14071
4965 15742
1369 15665
7394 13973
886 16484
5380 14778
2563 12526
5205 15377
9382 14439
5395 16062
6145 17356
7990 13724
6052 11401
9392 11848
3325 18765
593 10742
7264 19787
7041 14110
1118 18617
6592 14309
5153 17945
9009 11874
6283 14907
5868 12468
9608 10685
5845 18881
6015 10570
2846 10468
5020 19993
89 11639
2778 14646
5084 17463
853 13226
9593 17317
9698 10935
7010 14219
1580 12911
7675 11767
9444 16956
3404 17431
6156 13849
109 17773
389 13548
7360 13012
8491 14864
4172 19533
9268 13948
6717 10231
9827 12851
2738 17106
3169 11470
1216 16237
5755 12201
5501 11272
3719 16629
3107 18650
4898 10456
7747 17016
3073 17983
3900 11783
3657 18415
1052 16472
5078 11239
2437 15121
1619 10580
4247 16864
4768 12258
9785 18900
4145 16381
7236 10284
5113 16565
9189 10720
